{
 "cells": [
  {
   "cell_type": "markdown",
   "metadata": {},
   "source": [
    "# Analyzing "
   ]
  },
  {
   "cell_type": "code",
   "execution_count": 1,
   "metadata": {
    "collapsed": true
   },
   "outputs": [],
   "source": [
    "import pandas as pd\n",
    "import numpy as np\n",
    "from sklearn.datasets import load_boston\n",
    "import matplotlib.pyplot as plt\n",
    "import seaborn as sns\n",
    "from scipy import stats, integrate\n",
    "sns.set()\n",
    "%matplotlib inline"
   ]
  },
  {
   "cell_type": "code",
   "execution_count": 2,
   "metadata": {
    "collapsed": true
   },
   "outputs": [],
   "source": [
    "boston=load_boston()"
   ]
  },
  {
   "cell_type": "code",
   "execution_count": 3,
   "metadata": {
    "collapsed": true
   },
   "outputs": [],
   "source": [
    "X=pd.DataFrame(boston.data,columns=boston.feature_names)\n",
    "y=pd.DataFrame(boston.target)\n",
    "y.columns=['Price']"
   ]
  },
  {
   "cell_type": "code",
   "execution_count": 4,
   "metadata": {
    "collapsed": true
   },
   "outputs": [],
   "source": [
    "df=pd.concat([X,y],axis=1)"
   ]
  },
  {
   "cell_type": "markdown",
   "metadata": {},
   "source": [
    "#### Taking Log tranform of the skewed variables"
   ]
  },
  {
   "cell_type": "code",
   "execution_count": 5,
   "metadata": {
    "collapsed": false
   },
   "outputs": [],
   "source": [
    "df[['CRIM']]=pd.DataFrame(np.log(df['CRIM'])) ## because CRIM is right skewed\n",
    "df[['DIS']]=pd.DataFrame(np.log(df['DIS']))"
   ]
  },
  {
   "cell_type": "markdown",
   "metadata": {},
   "source": [
    "### Correlation matrix"
   ]
  },
  {
   "cell_type": "code",
   "execution_count": 7,
   "metadata": {
    "collapsed": false
   },
   "outputs": [
    {
     "data": {
      "text/html": [
       "<div>\n",
       "<table border=\"1\" class=\"dataframe\">\n",
       "  <thead>\n",
       "    <tr style=\"text-align: right;\">\n",
       "      <th></th>\n",
       "      <th>CRIM</th>\n",
       "      <th>ZN</th>\n",
       "      <th>INDUS</th>\n",
       "      <th>CHAS</th>\n",
       "      <th>NOX</th>\n",
       "      <th>RM</th>\n",
       "      <th>AGE</th>\n",
       "      <th>DIS</th>\n",
       "      <th>RAD</th>\n",
       "      <th>TAX</th>\n",
       "      <th>PTRATIO</th>\n",
       "      <th>B</th>\n",
       "      <th>LSTAT</th>\n",
       "      <th>Price</th>\n",
       "    </tr>\n",
       "  </thead>\n",
       "  <tbody>\n",
       "    <tr>\n",
       "      <th>CRIM</th>\n",
       "      <td>1.000000</td>\n",
       "      <td>-0.516929</td>\n",
       "      <td>0.729764</td>\n",
       "      <td>0.029247</td>\n",
       "      <td>0.786196</td>\n",
       "      <td>-0.308210</td>\n",
       "      <td>0.657287</td>\n",
       "      <td>-0.743115</td>\n",
       "      <td>0.850968</td>\n",
       "      <td>0.826073</td>\n",
       "      <td>0.388318</td>\n",
       "      <td>-0.471031</td>\n",
       "      <td>0.623891</td>\n",
       "      <td>-0.452284</td>\n",
       "    </tr>\n",
       "    <tr>\n",
       "      <th>ZN</th>\n",
       "      <td>-0.516929</td>\n",
       "      <td>1.000000</td>\n",
       "      <td>-0.533828</td>\n",
       "      <td>-0.042697</td>\n",
       "      <td>-0.516604</td>\n",
       "      <td>0.311991</td>\n",
       "      <td>-0.569537</td>\n",
       "      <td>0.590655</td>\n",
       "      <td>-0.311948</td>\n",
       "      <td>-0.314563</td>\n",
       "      <td>-0.391679</td>\n",
       "      <td>0.175520</td>\n",
       "      <td>-0.412995</td>\n",
       "      <td>0.360445</td>\n",
       "    </tr>\n",
       "    <tr>\n",
       "      <th>INDUS</th>\n",
       "      <td>0.729764</td>\n",
       "      <td>-0.533828</td>\n",
       "      <td>1.000000</td>\n",
       "      <td>0.062938</td>\n",
       "      <td>0.763651</td>\n",
       "      <td>-0.391676</td>\n",
       "      <td>0.644779</td>\n",
       "      <td>-0.761286</td>\n",
       "      <td>0.595129</td>\n",
       "      <td>0.720760</td>\n",
       "      <td>0.383248</td>\n",
       "      <td>-0.356977</td>\n",
       "      <td>0.603800</td>\n",
       "      <td>-0.483725</td>\n",
       "    </tr>\n",
       "    <tr>\n",
       "      <th>CHAS</th>\n",
       "      <td>0.029247</td>\n",
       "      <td>-0.042697</td>\n",
       "      <td>0.062938</td>\n",
       "      <td>1.000000</td>\n",
       "      <td>0.091203</td>\n",
       "      <td>0.091251</td>\n",
       "      <td>0.086518</td>\n",
       "      <td>-0.087037</td>\n",
       "      <td>-0.007368</td>\n",
       "      <td>-0.035587</td>\n",
       "      <td>-0.121515</td>\n",
       "      <td>0.048788</td>\n",
       "      <td>-0.053929</td>\n",
       "      <td>0.175260</td>\n",
       "    </tr>\n",
       "    <tr>\n",
       "      <th>NOX</th>\n",
       "      <td>0.786196</td>\n",
       "      <td>-0.516604</td>\n",
       "      <td>0.763651</td>\n",
       "      <td>0.091203</td>\n",
       "      <td>1.000000</td>\n",
       "      <td>-0.302188</td>\n",
       "      <td>0.731470</td>\n",
       "      <td>-0.831977</td>\n",
       "      <td>0.611441</td>\n",
       "      <td>0.668023</td>\n",
       "      <td>0.188933</td>\n",
       "      <td>-0.380051</td>\n",
       "      <td>0.590879</td>\n",
       "      <td>-0.427321</td>\n",
       "    </tr>\n",
       "    <tr>\n",
       "      <th>RM</th>\n",
       "      <td>-0.308210</td>\n",
       "      <td>0.311991</td>\n",
       "      <td>-0.391676</td>\n",
       "      <td>0.091251</td>\n",
       "      <td>-0.302188</td>\n",
       "      <td>1.000000</td>\n",
       "      <td>-0.240265</td>\n",
       "      <td>0.256584</td>\n",
       "      <td>-0.209847</td>\n",
       "      <td>-0.292048</td>\n",
       "      <td>-0.355501</td>\n",
       "      <td>0.128069</td>\n",
       "      <td>-0.613808</td>\n",
       "      <td>0.695360</td>\n",
       "    </tr>\n",
       "    <tr>\n",
       "      <th>AGE</th>\n",
       "      <td>0.657287</td>\n",
       "      <td>-0.569537</td>\n",
       "      <td>0.644779</td>\n",
       "      <td>0.086518</td>\n",
       "      <td>0.731470</td>\n",
       "      <td>-0.240265</td>\n",
       "      <td>1.000000</td>\n",
       "      <td>-0.778243</td>\n",
       "      <td>0.456022</td>\n",
       "      <td>0.506456</td>\n",
       "      <td>0.261515</td>\n",
       "      <td>-0.273534</td>\n",
       "      <td>0.602339</td>\n",
       "      <td>-0.376955</td>\n",
       "    </tr>\n",
       "    <tr>\n",
       "      <th>DIS</th>\n",
       "      <td>-0.743115</td>\n",
       "      <td>0.590655</td>\n",
       "      <td>-0.761286</td>\n",
       "      <td>-0.087037</td>\n",
       "      <td>-0.831977</td>\n",
       "      <td>0.256584</td>\n",
       "      <td>-0.778243</td>\n",
       "      <td>1.000000</td>\n",
       "      <td>-0.560335</td>\n",
       "      <td>-0.619008</td>\n",
       "      <td>-0.238127</td>\n",
       "      <td>0.324841</td>\n",
       "      <td>-0.563031</td>\n",
       "      <td>0.292316</td>\n",
       "    </tr>\n",
       "    <tr>\n",
       "      <th>RAD</th>\n",
       "      <td>0.850968</td>\n",
       "      <td>-0.311948</td>\n",
       "      <td>0.595129</td>\n",
       "      <td>-0.007368</td>\n",
       "      <td>0.611441</td>\n",
       "      <td>-0.209847</td>\n",
       "      <td>0.456022</td>\n",
       "      <td>-0.560335</td>\n",
       "      <td>1.000000</td>\n",
       "      <td>0.910228</td>\n",
       "      <td>0.464741</td>\n",
       "      <td>-0.444413</td>\n",
       "      <td>0.488676</td>\n",
       "      <td>-0.381626</td>\n",
       "    </tr>\n",
       "    <tr>\n",
       "      <th>TAX</th>\n",
       "      <td>0.826073</td>\n",
       "      <td>-0.314563</td>\n",
       "      <td>0.720760</td>\n",
       "      <td>-0.035587</td>\n",
       "      <td>0.668023</td>\n",
       "      <td>-0.292048</td>\n",
       "      <td>0.506456</td>\n",
       "      <td>-0.619008</td>\n",
       "      <td>0.910228</td>\n",
       "      <td>1.000000</td>\n",
       "      <td>0.460853</td>\n",
       "      <td>-0.441808</td>\n",
       "      <td>0.543993</td>\n",
       "      <td>-0.468536</td>\n",
       "    </tr>\n",
       "    <tr>\n",
       "      <th>PTRATIO</th>\n",
       "      <td>0.388318</td>\n",
       "      <td>-0.391679</td>\n",
       "      <td>0.383248</td>\n",
       "      <td>-0.121515</td>\n",
       "      <td>0.188933</td>\n",
       "      <td>-0.355501</td>\n",
       "      <td>0.261515</td>\n",
       "      <td>-0.238127</td>\n",
       "      <td>0.464741</td>\n",
       "      <td>0.460853</td>\n",
       "      <td>1.000000</td>\n",
       "      <td>-0.177383</td>\n",
       "      <td>0.374044</td>\n",
       "      <td>-0.507787</td>\n",
       "    </tr>\n",
       "    <tr>\n",
       "      <th>B</th>\n",
       "      <td>-0.471031</td>\n",
       "      <td>0.175520</td>\n",
       "      <td>-0.356977</td>\n",
       "      <td>0.048788</td>\n",
       "      <td>-0.380051</td>\n",
       "      <td>0.128069</td>\n",
       "      <td>-0.273534</td>\n",
       "      <td>0.324841</td>\n",
       "      <td>-0.444413</td>\n",
       "      <td>-0.441808</td>\n",
       "      <td>-0.177383</td>\n",
       "      <td>1.000000</td>\n",
       "      <td>-0.366087</td>\n",
       "      <td>0.333461</td>\n",
       "    </tr>\n",
       "    <tr>\n",
       "      <th>LSTAT</th>\n",
       "      <td>0.623891</td>\n",
       "      <td>-0.412995</td>\n",
       "      <td>0.603800</td>\n",
       "      <td>-0.053929</td>\n",
       "      <td>0.590879</td>\n",
       "      <td>-0.613808</td>\n",
       "      <td>0.602339</td>\n",
       "      <td>-0.563031</td>\n",
       "      <td>0.488676</td>\n",
       "      <td>0.543993</td>\n",
       "      <td>0.374044</td>\n",
       "      <td>-0.366087</td>\n",
       "      <td>1.000000</td>\n",
       "      <td>-0.737663</td>\n",
       "    </tr>\n",
       "    <tr>\n",
       "      <th>Price</th>\n",
       "      <td>-0.452284</td>\n",
       "      <td>0.360445</td>\n",
       "      <td>-0.483725</td>\n",
       "      <td>0.175260</td>\n",
       "      <td>-0.427321</td>\n",
       "      <td>0.695360</td>\n",
       "      <td>-0.376955</td>\n",
       "      <td>0.292316</td>\n",
       "      <td>-0.381626</td>\n",
       "      <td>-0.468536</td>\n",
       "      <td>-0.507787</td>\n",
       "      <td>0.333461</td>\n",
       "      <td>-0.737663</td>\n",
       "      <td>1.000000</td>\n",
       "    </tr>\n",
       "  </tbody>\n",
       "</table>\n",
       "</div>"
      ],
      "text/plain": [
       "             CRIM        ZN     INDUS      CHAS       NOX        RM       AGE  \\\n",
       "CRIM     1.000000 -0.516929  0.729764  0.029247  0.786196 -0.308210  0.657287   \n",
       "ZN      -0.516929  1.000000 -0.533828 -0.042697 -0.516604  0.311991 -0.569537   \n",
       "INDUS    0.729764 -0.533828  1.000000  0.062938  0.763651 -0.391676  0.644779   \n",
       "CHAS     0.029247 -0.042697  0.062938  1.000000  0.091203  0.091251  0.086518   \n",
       "NOX      0.786196 -0.516604  0.763651  0.091203  1.000000 -0.302188  0.731470   \n",
       "RM      -0.308210  0.311991 -0.391676  0.091251 -0.302188  1.000000 -0.240265   \n",
       "AGE      0.657287 -0.569537  0.644779  0.086518  0.731470 -0.240265  1.000000   \n",
       "DIS     -0.743115  0.590655 -0.761286 -0.087037 -0.831977  0.256584 -0.778243   \n",
       "RAD      0.850968 -0.311948  0.595129 -0.007368  0.611441 -0.209847  0.456022   \n",
       "TAX      0.826073 -0.314563  0.720760 -0.035587  0.668023 -0.292048  0.506456   \n",
       "PTRATIO  0.388318 -0.391679  0.383248 -0.121515  0.188933 -0.355501  0.261515   \n",
       "B       -0.471031  0.175520 -0.356977  0.048788 -0.380051  0.128069 -0.273534   \n",
       "LSTAT    0.623891 -0.412995  0.603800 -0.053929  0.590879 -0.613808  0.602339   \n",
       "Price   -0.452284  0.360445 -0.483725  0.175260 -0.427321  0.695360 -0.376955   \n",
       "\n",
       "              DIS       RAD       TAX   PTRATIO         B     LSTAT     Price  \n",
       "CRIM    -0.743115  0.850968  0.826073  0.388318 -0.471031  0.623891 -0.452284  \n",
       "ZN       0.590655 -0.311948 -0.314563 -0.391679  0.175520 -0.412995  0.360445  \n",
       "INDUS   -0.761286  0.595129  0.720760  0.383248 -0.356977  0.603800 -0.483725  \n",
       "CHAS    -0.087037 -0.007368 -0.035587 -0.121515  0.048788 -0.053929  0.175260  \n",
       "NOX     -0.831977  0.611441  0.668023  0.188933 -0.380051  0.590879 -0.427321  \n",
       "RM       0.256584 -0.209847 -0.292048 -0.355501  0.128069 -0.613808  0.695360  \n",
       "AGE     -0.778243  0.456022  0.506456  0.261515 -0.273534  0.602339 -0.376955  \n",
       "DIS      1.000000 -0.560335 -0.619008 -0.238127  0.324841 -0.563031  0.292316  \n",
       "RAD     -0.560335  1.000000  0.910228  0.464741 -0.444413  0.488676 -0.381626  \n",
       "TAX     -0.619008  0.910228  1.000000  0.460853 -0.441808  0.543993 -0.468536  \n",
       "PTRATIO -0.238127  0.464741  0.460853  1.000000 -0.177383  0.374044 -0.507787  \n",
       "B        0.324841 -0.444413 -0.441808 -0.177383  1.000000 -0.366087  0.333461  \n",
       "LSTAT   -0.563031  0.488676  0.543993  0.374044 -0.366087  1.000000 -0.737663  \n",
       "Price    0.292316 -0.381626 -0.468536 -0.507787  0.333461 -0.737663  1.000000  "
      ]
     },
     "execution_count": 7,
     "metadata": {},
     "output_type": "execute_result"
    }
   ],
   "source": [
    "df.corr(method='pearson',min_periods=1)"
   ]
  },
  {
   "cell_type": "markdown",
   "metadata": {},
   "source": [
    "## Dependant variable vs Independant variable\n",
    "Here, we will analyze scatter plots of those independant variables, who are either highly or poorly correlated with the target variable Price.This is done in order to eliminate variables which are not correlated with the target variable."
   ]
  },
  {
   "cell_type": "code",
   "execution_count": 6,
   "metadata": {
    "collapsed": false,
    "scrolled": false
   },
   "outputs": [
    {
     "data": {
      "text/plain": [
       "<matplotlib.text.Text at 0x7f3319b7cdd8>"
      ]
     },
     "execution_count": 6,
     "metadata": {},
     "output_type": "execute_result"
    },
    {
     "data": {
      "image/png": "iVBORw0KGgoAAAANSUhEUgAAAYUAAAEbCAYAAAA1T5h7AAAABHNCSVQICAgIfAhkiAAAAAlwSFlz\nAAALEgAACxIB0t1+/AAAIABJREFUeJzt3XucJHV97/9XVXXPdWdhFwaF5SKg+apooqsE8IaoIWoi\nOV7yw6AeEJPw85KLekx+iUaFeDlHf6DxdjRqFPlhjokaBW+JFxQSEVEwqIGPyAKLLJeFZXdnd3am\nu6vq98e3uqe6Z6a7d3aqLzvv5+Mxj5lvd3X3p3q6v5/6XupbQZqmiIiIAIT9DkBERAaHkoKIiDQo\nKYiISIOSgoiINCgpiIhIg5KCiIg0lPodgHTHOZcAvwRqQABEwPeAPzWzfV089mgz29ZmmyOAU8zs\nSufcycBFZva8VdsB/xrHAb80s/IS970WOMLM3rYfz3c78DIz+/5+PKaxn90+pmjOuTcAr8R/H0vA\nvwJ/bWa7nXPnAi83s99qecxVwMfN7LO5214H/C3wfDO7Nnf7GPD/As8BEvzB4GfM7F0F7c8m4C4z\nW3TQ6Zy7A0iBffjP8D7g3Wb2uWWe67+A081sexGxymJqKQyPFP/leKyZPQY4CTgM+OsuH9vJs4Cz\nAMzs+tVOCJ1iMbMP709COACN/RwEzrn/Bfw+8FvZ//XXgVEgn7S6PZno5cCbgXNbbn8bcAhwkpk9\nFngG8N+dc//XgcTewXIxp8A52efY4ff9w865xyy1cbadEkIPqaUwPILsBwAzqzrnvgG8AMA5N4I/\nGvxtoIw/inx37rFk2/0N8DL8UdrN+IrkROCDQOScmwQ+BnzCzB7lnBsF3g+cAcTA14E3mVmaHam/\nG3gVcDTwj2b2P5xzEfBR4On4A4+bgPPqsTjnXgn8OXAo8Bdm9jnn3NuATWb2x9nzfgQ4GzgG+JiZ\nvXWZ9+XZzrkP4RPkZ8zsb7L9/D38UfMEvoV1DnBcbj/XAU8FnmlmW5xzZwOfAQ4xsznn3Ouz7f9i\nufc1q8j+N3AkMAecb2Y/ds6dnr0v3wX+G76SP8/MrskH7pzbAPwJ8Btmdm/2f92XtZqaWgadOOce\nC8wCnwRucc6Vzaya3f144NtmFmevcb9z7mnAziWeZxz4NPAb2f5+0czelN13FXAF8CLgeOBqMzsn\nu+984K3ALuCzrc/bIv85vtU5923g2cDNWav2r/GJ7SR8y/hoM9vmnPtL4I+BKvBVM3tj9tp/DLwe\n/z5fi/8/zHf1xskiaikMqaxCOQf4j+ymvwQejf8inQS8xDn3/JbHbAZeAzzJzB4FjAGvM7MbgQ8B\nn69/yVk40ns9vsJ/DPAkfEX/B7mnfbqZnQI8GfgT59xR+Ar0EWb2aDP7NeDnwGnZ9iFQMrPfAN4A\nvGOZXTzVzJ4MPA54rXPu8ctst9nMNmev/xrn3OOdc8fjK/izzeyRwFX4xJLfzz8AvpOL6+nAj4Df\nzJW/jU8Ki95X51wAfAn4dHbE+38DX3bO1b9TTwS+nx2Z/2/gLUvtI76b5db8jWZWMbOvLrO/yzkP\nuCyrDL9Fc2voa8BFzrm/dc6d6pyLzOwBM6st8TyvBibN7NHAZuA859xTcvf/Lr4C/zXgWc6505xz\nhwJ/B5yZ/V+P2s/Yy0BTJW5mjzGzhOxzmCWx8/EJ7vHAU51zL85uvxCf3E/AJ6XlPlPSBSWF4fJd\n59x/OeduA7YA3wTek933u8BHzKyWjTF8Bn9E12BmNwDHmNne7KbvAyd0eM3nA39vZqmZzQGXA2fm\n7v9s9tz3APfhj+y3A491zr3QOTdhZm8zs2/mHnNZ9vtGfMJZymey590OXAM8ZZntLs9t9z18Jf9c\n4Cozuznb5u+Bs7KKPO+7LCSFU/FH2U/Nyqdk97+Apd/XRwPTZvbp7PWvzfa7HuduM/tK9vcNwLFL\nxL4R/5518pTs/17/uRk4uX5nloheAnw+9540upDM7CP4pLEZnzC2O+cuyVqBTczsEnzrBjPbhU/o\n+c/I57OkNQv8ItuvU4BfmNkvsm0u7WKf6rFvBp4G5JPgV5bY9Hn41sFs1gJ6JvAv+P/P58ys/j7+\nPS2fe9k/6j4aLqeb2T3OucMAA/4pO5oC3xXzPufcu/DN8xHguvyDs66B92fdGwAbaP4yLmUaeChX\nfgg4Ilfelfs7BiIzu8459yf4rpFLnXNX4FsoAHGWXBrbL/O6O1pec8My2+X7m3dl24XA6dkgJfj3\n4yF8F1PeVfjWzaH4I9Xv4Pu3HbDVzGay+5Z6Xw8FJlteYyp7jZ1LvS9LxP4AsGmZ/cr7vpnlE3G9\nK6fuudnz3OlDJwDGnHOHm9kDAGb2BeALzrkyflzlg/hB3je3PO8jgUuy9yDBJ+1/yG2y1H5tbLk9\n/3lZyuXOufpA873A77dMgtixxGMOB+6uF+qfoez/80LnXP39iVC9dkD05g2XAMDMHnTOfRB4L9lR\nHbANeK+ZfW2Jx+W7gk4Enpj1Xb+Dzk39+2iuTA+ji6NbM/si8MXsS/sp4E3AJzo9Lufw3N8bWbqi\nqN9XtyHbrgJ808wWDaRmlWY9xjudc1P4SvVaM7sj63qqdx3BMu9rNpNqV9Y91Poap7fetowfAA9z\nzj3BzH6Se3wJeDvdd4P8d/wMpX/OPcf7gHOccx/GtyKvNLMkO8r+V+fcB2hu8dV9GPiRmZ2VPc+/\nd/H6D+GTZN0Ry22YOSc/O6pLD5D7TDjn6v/3bfguvL/Yz+eTZaj7aHhdDJzmnHt6Vv4y8EfOudA5\nFzjn3pw7eqp3m0wDt2QJ4Th819C67L4qzV/suq8Ar8qedxJ4BUs37xucc+c5594CYGY7gVtYSEyt\nXTjLOTvbj4fhu3SuWWa7l2bbHYHvhrgaP6Xz6VkFj3PuN51z78/tZ77VcQ3wZyyMzdyC77uuJ4Ul\n31czuxP4lXPuxdlrHO6c+2zWGutK1j3zXuAzzrkTs+eZwHeBPCHXolqWc+4QfFL7estdXwbOzQaX\n3wn8VX28wzm3Hj/m8L0lnnIa362Hc+63gEex8BlZzo+AX6vvA4tnP7Xq9jOQ3/YKfBfgIVnS/BI+\nqV0BvMg5d3gW8+855960H88vLZQUhkfTFD8z2wP8L/zMGPBHeHfi+4D/C9/n/e8tj/0o8MysT/q9\n+JbDs51zfwr8W/Z3U5cTvpvhrux5fwhckXVFLIopV/4y8CTnnDnnfo4fpL5kmccsp/56PwX+Ljc+\n0Pp612fb/RC4xLx7gT8C/iV7/Q8A/yd7zL/hB0jr+3kVfnC5fq7D94EnsJAk2r2vLwVel72f38W3\nTtqeM9LKzC7EJ4Ersue5Ht+l0qlfvP4+vhTfvbSn5f6rgWOyWUnPxQ/O3uKcuwX/Xn2Xhf9J3jvx\n3Uc34VtMbwcudM6dxjL/76yL6o3At7PHLfW/ao272/vrr3Ed/jP7n8DP8K2Z/5NNHngXfrzt5/hZ\nbV/u8BrSRlD09RSccy/Ddx1U8VPWfoofaAyBe4BX5KbOiazopDQRWR2FthSyfr+34mdk/C6+//si\n4INmdjpwG76pLiIiA6Do7qPn4JvUs2Z2n5ldgJ9KVj9b88psG5E8XQ5QpE+Knn30CPy0vS/jBzEv\nBCZy3UX3488GFWnITkISkT4oOikE+CmDL8QniKtonnmwP7MQRESkYEUnhfvwMyMSYItzbgaoOudG\ns9PxN+HnGS8rTdM0CJQ7RET204oqzqKTwr8Bn3LOvQffYlgHfAN/Sv7lwIuz8rKCIGD79pmCwyzO\n9PSU4u8jxd9fwxz/MMcOPv6VKHSgOTt1/fP4Mze/CrwWv4zvuc657+FPIup6nRQRESlW4ctcmNnH\ngY+33LzU6fUiItJnOqNZREQalBRERKRBSUFERBqUFEREpEFJQUREGpQURESkQUlBREQalBRERKRB\nSUFERBqUFEREpEFJQUREGpQURESkQUlBREQalBRERKRBSUFERBqUFEREpEFJQUREGpQURESkQUlB\nREQalBRERKRBSUFERBqUFEREpEFJQUREGpQURESkQUlBREQalBRERKRBSUFERBqUFEREpKFU5JM7\n504H/hn4GRAANwHvBS7DJ6R7gFeYWbXIOEREpDu9aCl818yeZWZnmNmfARcBHzSz04HbgPN7EIOI\niHShF0khaCk/E7gy+/tK4Dk9iEFERLpQaPdR5rHOuS8BG/GthIlcd9H9wJE9iKH3Zh9g6oq3UwGm\ngJmz3g4Th/c5KBHpqLKHqSveRqU2z1RplJmzLoSRdf2OqmeKbincCrzdzP4bcB7wSZoTUWsr4qAx\ndcXbGzsXZGURGXxTV7yNoDYPQFCbZ+qKt/U5ot4qtKVgZtvwA82Y2Rbn3L3Ak51zo2Y2D2wCtnV6\nnunpqSLDLEQl93eQ/QzjfsDwxl2n+Ptr2OKvZAkBsu9ubX7o9uFAFD376BzgSDO72Dn3cOBhwKeA\nlwCXAy8GvtHpebZvnykyzEJMsZAM0uxnGPdjenpqKOOuU/z9NYzxT5VGCWrzC9/d0ujQ7QOsPBkX\n3X10BXC6c+5q4F+AC4C3AOc6574HbAAuLTiGvph5wVtJs7/TrCwig2/mrAtJS6OATwgzZ13Y54h6\nq+juoz3AWUvcdWaRrzsIyvfeSjqxEdIaaVCifO+tVE88ot9hiUgnI+uYecnFQ9nKWQ06o7kg5a03\nEM7tgrk9hHO7KG+9od8hiYh01IspqWtSsG8XJIkvpKkvi4gMOLUUCpKOHQJBCEEAQejLIiIDTi2F\nglSP20y4ZztRWiMJSlSP29zvkEREOlJSKEj1hNMgCFlX2c7syDTV40/pd0giIh0pKRQlCKmecBql\n6Smqa3AGg4gMJyWFoqQJ5duvo3bLdsr1lkKgIRwRGWxKCgUp334dI7deTVqOGKneDGRdSiIiA0yH\nrgWJdm5rWxYRGURqKRQkPvQoou2/bCqLyBBY412/SgoFqc82Gqlsp6LZRyJDY613/a6d9Cci0oW1\n3vWrlkJB1vrRhsiwWutdv0oKBYl23k0wv5d0rkYQlIh23k2188NEpM/WetevkkJRqnOE8zMQBIRp\nCtW5fkckIt1Y4yeeKikUpTRGMrqOKI1JgghKY/2OSESkIw00F6S1H3Kt9UuKyHBSS6EoaUJQq0BS\nJQjLkCb9jkhEpCO1FApS3nojQXUO4hpBdY7y1hv7HZKISEdqKRQk2LcL0ri5LCIy4NRSKErQoSwi\nMoCUFAqSjq3P1kupX45zfb9DEhHpSN1HBUnGDwHS7KdeFhEZbEoKBQn37QZCCFIgyMoiIoNNSaEo\nQQBh6H+nqf8tIjLgNKZQkOoxTySNypBCGpWpHvPEfockItKRkkJhfLeRn3UUUB9bEBEZZEoKBSnf\n9ROCuAJAEFco3/WTPkckItKZkoKIiDQUPtDsnBsDfgZcBHwHuAyfjO4BXmFmB+VlBqrHbiacua+x\nSmr12M39DklEpKNetBT+Bngw+/si4INmdjpwG3B+D16/L6onnMr8455P6Pzv6gmn9jskEZGOCm0p\nOOcc8Gjgq/jR1tOBC7K7rwTeCHysyBj6Zo1fqENEhlPRLYWLgTewsPLPZK676H7gyIJfv3/ShPKW\na6ldcznlLddq6WwRGQqFtRScc68Avm9md/oGwyJdn801PT21anH1SvxfV5Pc8R+kwCS/IJwaI3rs\nM/od1ooM4/ufp/j7a5jjH+bYV6rI7qPfAY53zr0A2ARUgD3OuVEzm89u29bNE20fwu6Xsbu2EFVj\nyuWIajUmvmsLc9PDdwLb9PTUUL7/dYq/v4Y5/mGOHVae0ApLCmb20vrfzrm3AncATwFeAlwOvBj4\nRlGv32/xoUcRbf9lU1lEZND16jyFelfR24BznXPfAzYAl/bo9Xuu+oiTiQ/dRJomxIduovqIk/sd\nkohIRz1ZEM/MLswVz+zFa/Zb+Y7riXbeTVCOiHbeTfmO66mecFq/wxIRaUtnNBck2rmtbVlEZBAp\nKRQkPuRIgvk9pDM7COb3EB9y8M6+FZGDh66nUJQ0IahVIK4SRGWdpyAiQ0EthYKUt95AUJ2FuEJQ\nnaW89YZ+hyQi0pGSQkHC3ff6K64BpKkvi4gMOCWFggRxrW1ZRGQQKSkUJBld17YsIjKIlBQKko6M\nty2LiAwiJYWCRLvvb1sWERlESgpFya7PvGxZRGQAKSkUJRppXxYRGUA6ea0gyegEUW1fU1lEhkCa\nUL79Omq3bKc8Mk31+FMgWDvHz0oKBdGUVJHhVL79OkZuvZq0HDFSvRlgTS1muXbSX48Flb1tyyIy\nmNb6YpZKCgUJkrhtWUQGU+sFsYbxAllpmnL81MoGMtV9VJA0LBEk1aayiAy+6vGnADBS2U6lPqYw\noNI0ZX5+ntrcHohrUKtCrUKQxrzxceMnAjfv73OqpipI9ejfYGTrj5rKIjIEgpDqCadRmp6iOiDX\naI7jmMr8HPH8Poir/qdWJUhjykHKZLnsNwyAcgCUOGw0WFH3hJJCQeIjHkl6780ESZU0LBMf8ch+\nhyQiA65WqzG/b5Y0rvij/uo8xFVCEkaikLEo8hvmKv/VpqRQkGjn3VCbgySGMCbaeTfVzg8TkX4r\neEpqmqZUKhWq87NZd0/Vn9wa1ygFKWNRSBhmrxcBUZT90RtKCgUpbb2hMbgcJDGlrTfAk8/uc1Qi\n0kl5yw8Y/fnXSdKY0SCCNKV64lP2+3mSJGF+bo64MrvQ3591/ZTDgIlSRBAEfuNG5d9/SgoFCVum\noLaWRWQwlbfeQDi/B4KAME0pb72hbVKI45j5uX0klTnIrrZIXCVIYkaigLFSVs3We3tK5Z7sx0op\nKYiINEn95XOTFILAl8lm+szNUZvf25jlQ1wlTGNGopCofqQfAmHIsM747yopOOc2AG8GHm5mL3fO\nvQD4gZltLzS6IZaWRglq801lERl88dgh1Co14lqVJE2pHpIyt20LQVJjJITR+pH/kFf+y+m2pfAJ\n4HtA/VzvUeBS4PlFBHUwSMYOIdpzf1NZRAbH4j5/P+OnumsX40HI+OgIcRBRHikTlWCtdKx0u5fT\nZvYB59wLAczs88651xUY19ALKvvalkWkNxrTPGuVrOKvQFJrdPu0TvMsTW+ivHcbQTmEakK8/mF9\njb/Xuk59zrkyWeeac+5hwGRRQR0Mgups27KIrJ5lp3nWqkRBylgpapnmuXy3T+3oXwegXN1Bpbyx\nUV4ruk0KHwSuB450zl0B/CbwZ4VFdRAI0rhtWUT2X5IkVObn/WBvV9M8V9DlE4TUjnkC0cZJajvW\n3qzBrt4xM/tn59y1+DGFeeACM7un0MhEZM1q9PfPz2ZLOlSapnmODtk0z2HS7eyjxwKvMLO/ysqf\ncs5dbGY/6/C4ceDTwMPwg9PvAP4TuAzfdrsne96D8GTfhalsC2URyVu8oJvv8w+SmNFSrr//IJ3p\nM4i6fYc/DHwtV/6H7LZOXgBcb2bPBM4GLgEuAj5kZqcDtwHndx3tEEmDqG1ZZC2pV/57du9gz4P3\nsee+u9izbQuzd99KtGMrk5XdTMazTAY1JsshE6PlhXn/0lPddriVzOyaesHMrnHOdXyQmf1Trngs\ncBdwOnBBdtuVwBuBj3UZx/AIIkhrzWWRg9zCgO9eqFYYre5gz/adEFcZCWlezXMNTfMcJt3+R3Y5\n514NfBffungu0PWass65/wA24VsO38x1F90PHNl1tMMkrbUviwy5arXK/L49C2f3ZjN+8pX/RBAw\npz7/nkvTtPNGy+g2KbwSeDfwGnxH+fez27piZk91zv06cDnNnetddbRPT091+1IDo5Imjb8DIEiT\nodwPGM73P0/xH5g4jpmb3Usyv4+0ViWtVQjiGhNpjZHxcjbbp5z9TCx6/MaNwzt7fdBiT9OUdO8u\nkpkHSHY/QLL7QdLd20l2P0jS+P0A6e4HV/wa3c4+2g784f4+uXNuM3C/mf3KzG5yzkXAjHNu1Mzm\n8a2HjhdA3T4gF7rYH+uzQebcyilDuR/T01NDGXed4u+en/Gzz1/IpX6SV+zn+Y/kl3PO2bu3/RyR\njRsn2TGk0zp7GXuaJrB3J+zZAXseyH4/6H/PtJSTYnsd2iYF59znzOxs59xdNE+lAcDMju3w/M8A\njgNen53wtg74OvASfKvhxcA3VhK4iKxMY8ZPfmG3pWb8DNByzj2VJpR+dRPxlh2U6ievrfB6CmkS\nZxV6vVJ/cKFyb/2d611YkagM6w6DdRv9723fXtHTdGop/Gn2+2krenb4KPBJ59zVwBjwauDHwGXO\nuT8G7sSvoXTQScNyyzWa1acqvTc/P+/P8q1WmpZ1XjToW9Z0z7rSr25i5I7rScshI9XbAKgd84Sm\nbdK4uriyn3lw8ZH+3p0scTy9f8pjCxV9vtKfaimPTS2cuAdwVQFJwczuy/58j5nt9xVizGwOeNkS\nd525v881bPIJYamyyGppWuIhrvlLONaqkFQpByyc5asTvTpKaxWCe35BvGs7aTxPbd8syb13kP7k\nX5uP7Gd3HfiLjUz4Cn3q8JZKv6XiH5loruwL1u1A8+3OufPxA8yV+o1mtqWQqERkkWq1SmVuljS3\nlj9xrXHx9olSaaHy0HTPJmllX3f99XMzCxXcSo2t63BU75NAMDK+Gru26rr91JyNbwPl01UKnLDq\nEYmsYa3LOft5/rsgqVIiZbycq/hDICzm4u3DIE1TmN+7RP98S7/9zINQWYUFKcfXL3FUn/t76jCY\n3EhQHu5rp3QaaF4PvAX4GXA18P6Dc0kKkd5qmunTsrZPfrDXz/NPWUsVf5qmMDeTO5pfaoA2q+xz\nF7JamQAmD12y62bqyE3MMJmVNxJEa6PbrdMn7SP4KaMfA14E/A3w1qKDOjiEQNJSlrWm28p/Lazt\nk6YJzO7OVe4PNB/N5yv9+ACPPYMQJje0HNkvdN0sHNlvIAhbZlhls4+i+R2UyyVq66dXPPtoGHVK\nCo8ws5cDOOe+DqxsOHsNSqMSQVxpKsvBq+ni7Wus8k+T2A+8LqrcH2D3/C7Sh+5fqOyTA1xCPiy1\nVPJL99czccjiyr5Lpbt+wsgv/50krTESlCBNqB27+cDiHiKdaqpGujaz2Dl3gHOr1o6g5cPfWpbh\n1FT556Z4HmwXbwdI4xrsfWjpPvp8ee9Dy86x7/p4Pyp3PqpfdxiMTxEUfNRevufnhPMzkKaEQUD5\nnp8rKeS0JgElhS6lQdh0YZ10DTU/DwZNA771C7nUKgdF5Z/WKrB3R5v++lWcYz8yDpMbF8+pb52C\nObaup9Mu2wnm9kCSJbk09eU1pFNSeIpzbmuufERWDoC0izOa164kbV+WgbDckX/9Yi5j+Yu5DPgJ\nXml1fvlZOPmpl/t2H/iLjU62P5Eq+znsyOmhW+YiHV3nk2Y24TIdXdfvkHqqU1LovD62LCmg1rYs\nvbWo8s8SQEgy8Ef+fo79gy1H9Ut058yvQuU7NrVsBe9PtPJ/B+WxA3+tAVU96iSC2YeI0hpJUKJ6\n1En9DqmnOp3RfGevAjn46MprvZamKbVajfm5vVDNlnOojLDn/ocWV/6NdX36s7bPwhz7ZY7ms98P\n7t0B86swx37ikJYpl4fnKvncCVWlkQN/rSFXO+YJEIRMVnewr7720RqiKTEFqW08ltKOO5vKsjoa\nC7pVZhuVf30t/9aLt0+GEfMjvav80zT13TPLnVCVH6Q90Dn2QQgThy4+gaq10p/csGbm2K+KIKR2\nzBOINk5SG7Kur9WgpFCQ2TNey7qvXERUmSUZmWD2jNf2O6Shs+SyDkmNIK5Rzi/oBoWv6ePn2O9a\n4oh+iUHaA51jH0Z+cHbdRsobj6A6kq/4c2vlLDXHXg7cKq6SOoyUFAoy9oN/JJz3sxbC+T2M/eAf\nmXv6q/oc1eBpXdahMdMnqS2/rMMqVv5pEmfr2LcezbdU+nsfWp059lMtffRN/fW5OfZZJbR+iK9H\nMKy6WSX1YKakUJCRu29cVJ7rUyz91rSKZ62aVf4Vf9TfenLXKl2718+x30F1zyzp3XcvPxtndueB\nr2NfGulqATTG1w/MtEtZXrT7/kXlQZgmkqYpaZqSJIn/nfpRy5Tc5MYghCCAIODmXfGKwlZSkFXR\nXPHXGlM7iasEabJ4Fc8IiPZ/lk9aqyyzhn3L0gmzOwE4oMmX5bHOC6CtOwxGJ1XZH0TiqcOJ7ruF\ntFKDoEQ8dfiibeoVs6+cs6mrZJV0ir8tTf1MtpRsUkPgfwL87yjy94WRr8ghm/nW8ndYf1xAGJYI\ngpAwiojCkCAICLPfrZ/Bi26cXdEq1koK0rXmrp7YH/FnXT0kMeWQ5op/P6Z3ptW5xX3zi/rudxQ8\nx7654g9GF19vWIZHkiT+Jzuqrh9Z+yPpcOGoOqtw6z+ltEScBIRpRBKGzIfjVMtTfvusgg6CiDAq\nEYRhU6Xc+jOMlBSkSesR/2i8iz33P9To6mk6oQs6HvGn87Md1rDPbluNOfbj6xedNTtxxJHMhlO5\nWTkH9xz7YVI/0m50iQApAUmakuYrcAJ/cJGvxMPsyDtY4r7IH2GHYYkwKhFGEeWs8l7qOtOtxn71\nQ6LDHk65HFGtxowxx9yG6QLficGipLBG1Wo1KvNzCwu4ZdM6Wy/YMpFOMhclTRV/Y459o3JfPL++\nMfWyeqAjKdnSxpP52TdLDM5OLj3HfnzjJPs0ULsiXR9pB0FLFwmN+8ZLk+yNyFqM9dsX7g8Im464\nW7tE+iE+9Cii7b9sKq8lSgoHsUbFX53LunoWZvdEQdp8MlcAaQnYt3BCVbpnB/vi3aT337t46mXt\nAK9PVV/auHUBtKmWfvvJDQRaYbat1v7tNPWLtjcdbecr7Xpl3jjCDpsr+tD/Xe8iiUql/TrSzpua\nnmKOmdXf6QJVH3Ey0fbbKO3ZRnzoJqqPOLnfIfWUvm1DKkkSKpUKtXqFn8R+gDeNs+vz1iiFAaNR\n6FvVe3cuObc+bT2hKmmesLDf59LW59i3WwBt6vADWtp4GORniTTPFAkWBiHzR9qNypmmSno8HGdv\nmCxU4EBj8DHbxh9tRwRhNDBH28OsfPsPKd1nkMaU9s5Qvv2HVE98Sr/D6hklhQGTpilxHFOrVqnV\n5v2AbpqifZr4AAARP0lEQVQsVPxxFZKYIIkpEzMxP7OwvHHLWvZNSxsf6Bz7qLz8vPr8IO3E+sKX\nNl5t9Qrc92sHje4Sf5QdNlfIYdR8dN24r96/vTAQGYQhQRASlUpE2cDjcjNFljM1PcVcOFxH2sOu\nfOePCfftBlJCAsp3/lhJQVZPmqbEaUqcpOyb3Utcq/hleZO4+SdduC1KqpT27WRkdme2xHF+6mWu\nsp/dtQpz7EeXXgAtu+2QTUezKx6Hsam+H3XmByWTNG2qwL2WSjoMGU9L7CUba6hP/Ws9Mg+jxqBk\nFEWUcjNKZO0J5nb5Fne+vIYoKXQpjmP/U6sRx5WsAs9mJidJVqkn/sOUJgQzM76HgLRxIm75wTsY\n3bdz6QuV5Lt2ZlfhQzgyvtBVs6gLJ9d/PzLRtvIrbZwkWMFAbePIuz5ISesJNkscbdePypu2IVeJ\nLwxMRqVSV90kU9NTzJV1pC3SrTWTFBozKZKEuFYlzrph/KhcvlLP/dSP6NOEMIAogHIYMtpSCfml\njZtPoIru30JSrZBW54lrFarVCuHPfufAd2Rs3fInUeVuC0bGD+hl6t1Y8/MV9lWqWYWeTQUMw+x3\nRKdByjCKKEXRigYpRfohHV0PwX3ZuE/gy2vIUCSF5gq9RhLXSNN4oZ+83u+epgsVehwDqe+LJyXA\nV+rhMhV7kwBSUohnl1kLJxugrd9XWTwcu99zc8bXL3NUn6v4JzcSlEf362njOCZOEpIU4kbFHvp1\neOqVe75iD7Mj8rBEGJUZOWojo2N7F2YpiRzkkvH1vi4BSFNfXkMGPinM7dvH3ruMUhT6tdCCgCiK\n2vf3NtbPAUrNu5imKczNNKZctr0c4QHPsYegVCYojxKURohPOGXJC5YwuaHrdeyTJPED0SkkBFnl\nnjtqj6KFPvUoIozKlMojjGRH6/vbT14ul5UQZE0p3f+LtuWD3cAnhTRNGStHlErtQ/VLG+9eevZN\na//9gS5t3Jhj37pUwsKR/uR1nyEolwmDsHGpnT2/86Zl97FarfqKPsVX9FHUXOGH/ig+CEqURkYZ\nK5fVHSNSgKCl5d9aPtgNflJIYt9dM7dricHZfHnxHPv9FpaW6b5pWSOnizn24Yjv5omTlGqSUEsD\n9lbihQo/Kjcq/CAqq6IXGRBpeZxgfqapvJYUnhScc+8BnoZfJed/AtcDl+HXTLgHeIWZLXvoPvO6\nRxNVDrAbJyov0V/fUp46HMan9muOfZqmVGsx1SRdqOSjMkQRUVr2i2uVQ0aikPEwgKMfdWD7ISKF\nmz/peYzd+AWCNCYNIuZPel6/Q+qpQpOCc+6ZwGPN7CnOuY3AjcC3gQ+Z2Recc+8Ezgc+tuyTtEsI\n5bGuVrtkbN2K55zXajWqSUqSBlmFX8p+ygSlMiNjE0zmVwbNrJvwLYXWKzWLyICLItLxQyCtkQZZ\ny34NKbql8D3guuzvncAkcDpwQXbblcAbaZMUymecy/yevYTrD89V/Fll32GOfTfqF3uvJpCGWT9+\nacRX/KUSpfI4oyMjGmwVWSOiXfcsKh/gKORQKTQpmFkK7MuKrwK+Cvx2rrvofuDIds8x/rJ3MHfr\nzQQdBpo7ieOY+VriK/6ovPBTKlEenWBiZERnsIoIVOcI52f8RW3SdFVmIQ6Tngw0O+d+D99NdCbw\ny9xdXdXCGzdOdpx9VFer1ajUUtIw8oO9pRGCUplodJzRsfGeDeTmz1Oo7+T09FRPXnu1DWvcdYq/\nv4Yt/ur6KdKJ9X4p+VKZsfVTTA3ZPhyIXgw0/zbwV/gWwoxzbsY5N2pm88AmYFun59ixY29TUlg0\nwNvo6y8TjU4xOjHWXPnXgFrCnr29W1e/frpLfkxh+/bhW25henpqKOOuU/z9NYzxl0emGY0TIiCO\nE+ZHpqkO2T7AypNx0QPN64H3AM82s/qCPt8CXgx8Nvv9jU7Ps68aE1L2ff2lMpTKjI6vW3KAV0Tk\nwPhrLntrb6pI0S2Fs4HDgH9yztXf3XOBTzrnLgDuBC5t9wTjExNMHftoVf4i0hPRrntJRycJyhFp\nNSbada8GmleLmX0c+PgSd525P8+jhCAivaLLcYqISEP1+FMAGKlspzIy3SivFUoKIiJ5QUj1hNMo\nTU8N5QDzgVJSEBHJSxPKt19H7ZbtlOsthSG7xOyBUFIQEckp334dI7deTVqOGKneDED1hNP6HFXv\nrJ30JyLShWjntrblg52SgohITrz+YYR7d5A+uI1w7w7i9Q/rd0g9paQgIpITPXA7QW0OkhpBbY7o\ngdv7HVJPaUxBRCQn2nl3dr3yANLUl9cQtRRERHLiDUe3LR/s1FIQEcmZO/mlAIzu2UZl3VGN8lqh\npCAikheExNMnEh6ynnhkek2dowBKCoXJr7NYL4vI4CtvuZbRn/8rSVpjNChBmlA98an9Dqtn1lYK\n7KHWJfy0pJ/IcChvvdFfeS27Alt56439DqmnlBRERKRB3UciIjnVYzcTztxHlMYkQUT12M39Dqmn\nlBRERHKqJ5wKQcC6ynZmtXS2iMgat8aXztaYgoiINKilICKSp+spiIhIna6nICIiDbqegoiINMSH\nHtW2fLBT95GISE59CupIZTsVTUkVEVnjNCVVitC6AJ4WxBORYaCkUBAtiCciw0hJQUREGpQUCqLu\nIxEZRoUPNDvnHgd8CbjEzD7inDsauAyfkO4BXmFm1aLj6L0SUGspi4gMtkJbCs65CeADwLdyN18E\nfNDMTgduA84vMoa+CdL2ZRGRAVR099Ec8Dx8i6DumcCV2d9XAs8pOIa+CNKkbVlEZBAVmhTMLDGz\n+ZabJ3PdRfcDRxYZQ/9oVEFEhk+/B5o1U1NEZID0Y/Rzxjk3mrUgNgEdV5uanp4qPqpVVolGIK4A\nWeaLRoZyP2A43/88xd9fwxz/MMe+Uv1ICt8CXgx8Nvv9jU4P2D6Ep5pPRWWCuEKA7zhKo/JQ7sf0\n9NRQxl2n+PtrmOMf5thh5Qmt0KTgnNsMXAwcB1Sdcy8BXgZc6py7ALgTuLTIGPolXjdNacfeprKI\nyKArNCmY2Q3AGUvcdWaRrzsQNM4sIkOo3wPNB63SQ1vblkVEBpGSQkFSkrZlEZFBpKRQEK2SKiLD\nSEmhIGlprG1ZRGQQKSkUJF53RNuyiMggUlIoSLRrW9uyiMggUlIoSJDGbcsiIoNISaEgaVRqWxYR\nGURKCgWJD93UtiwiMoiUFAqSbDiOdGQCohHSkQmSDcf1OyQRkY6UFAoSb9hEWhqFkTHS0ijxBrUU\nRGTwKSkUJmXhlLX6WqkiIoNNo58FiXZuI6jNQ1wliMpEO7dR7fwwEZG+UlIoSPjQXQSVWQCCuEr4\n0F19jkhEpDMlhYIEtQqEIaQpBIEvi4gMOI0pFCTecDQEIUQlCEJfFhEZcGopFGTu5JcCMLpnG5V1\nRzXKIiKDTEmhKGGJuVNeztT0FLuG+DqvIrK2qPtIREQalBRERKRBSUFERBqUFEREpEFJQUREGpQU\nRESkQUlBREQalBRERKRBSUFERBqUFEREpKEvy1w45y4BTgUS4M/N7Ef9iENERJr1vKXgnHsG8Egz\newrwh8AHeh2DiIgsrR/dR88GvgRgZrcAhzrn1vUhDhERadGPpPBwYHuu/EB2m4iI9NkgDDQHnTcR\nEZFe6MdA8zaaWwZHAfe02T6Ynp4qNqKCKf7+Uvz9NczxD3PsK9WPlsK/AS8BcM5tBu42s719iENE\nRFoEaZr2/EWdc+8CTgdi4LVm9tOeByEiIov0JSmIiMhgGoSBZhERGRBKCiIi0qCkICIiDX1Z+6gd\n51wJ+DRwHFADXmlmd7RsczbwBvxA9XfM7C09DnNJ7dZ0cs49B3gnfp++bmbv6E+US+sQ+xnAu/Cx\nm5n9YX+iXF4362k5594NnGpmZ/Q6vk46vP9HA/8IlIEbzOw1/YlyeR3ify3wMvzn50dm9ob+RLk8\n59zj8CstXGJmH2m5b6C/u9Ax/v36/g5iS+Ec4CEzezp+R/5n/k7n3DjwbuCMbP2k5zjnHt37MJt1\nsabT3wEvBJ4GnDkIMdd1EftHgRdl/5P1zrnn9jrGdrpZT8s59xjg6cDAzazoIv6Lgfea2alAnCWJ\ngdEufufcFPA/gKea2TOAk5xzv9mfSJfmnJvAx/ytZTYZ2O8udBX/fn1/BzEpPBv4l+zvbwFPzd9p\nZvuAx5vZbHbTg8BhvQtvWcuu6eScOx540My2mVkKfC3bflB0Wo/qSWZWP8FwO4Pxfud1s57WxcBf\n9zqwLrX77AT4yujK7P4/MbNf9SvQZbR7/yvAPL4yKgHjwI6+RLm8OeB5LHES7RB8d6FN/Jn9+v4O\nYlJorI2U/ROS7MPUUD/ZzTn3eHw30w96HeQS2q3p1Hrf/cCRPYqrG23XozKzPQDOuSOB38J/MQZJ\n2/idc+cCVwF39jiubrWLfxrYA7zfOXdNdo7PoFk2fjObBy4CtgC3A9eZ2S97HmEbZpZkcS5l0L+7\nneLf7+9vX8cUnHOvwjc36036AGhtWi6ZuJxzjwIuB/7AzOLCgly5dms6Dfp6T4vic84dAVwBvNrM\nHup9SPulEb9zbgPwSvzR3TEM/nsPzTEGwCbgfcBW4KvOueeZ2df7Ell38u//FL6F9khgBrjKOff4\nIT5hdRg+P4vsz/e3r0nBzD4JfDJ/m3PuH/DZ+af1FoKZ1Vq2ORr4IvDyAfpwtVvTaRvNRxebstsG\nRdv1qLIv9teAvzKzb/c4tm60i/9ZwOHANcAYcIJz7mIze2NvQ2yrXfwPAHfUJ1s4574NnAQMUlJo\nF/9jgNvqFZFz7hrgScCgfG87GfTvbkf7+/0dxO6jbwK/n/19Fr7Z3+oT+Iz3nz2LqrNl13QyszuB\nKefcsVmi+91s+0HRaT2qS/CzGr7Zj+C60O69/4KZPS4bBH0hfvbOICUEaB9/DGxxzp2YbfskwPoS\n5fLafX7uAB7jnBvNyk8Gbu15hN1ragkMwXe31VItmf36/g7cMhfOuRBf6T8KP4Bynpnd7Zz7S+C7\n+EGqG4Ef4t+AFL/DX+lPxAta13QCNgM7zezLzrmnAe/Bx/t5M3tf/yJdbLnY8V+AHcC1LLzfnzWz\nT/Qp1CW1e+9z2xwHfMrMntWfKJfX4bNzIn6adgD81Mxe3bdAl9Eh/j8CzgeqwPfN7P/pX6SLZYns\nYvz4ZBW4G9/VcvuQfHeXjZ8VfH8HLimIiEj/DGL3kYiI9ImSgoiINCgpiIhIg5KCiIg0KCmIiEiD\nkoKIiDQM3NLZIv3gnHs48F7gcfi1hlLgQvxyw+/IVpisb3sc8O9mdkzutt8HPodfmvuHudtPxq/q\nG+DPqN4FXGBmdxW+UyIroJaCiPcl4D/M7IlZAngNcBlwAksvt9162/nATfh1lvIuB95gZs82s6cC\nXwX+fFUjF1lFSgqy5jnnng0kZvbR+m1m9jP8uj1bunj8McBpwHnAS3NLOgBsAA7NPe+HB3CZDZEG\nJQURv8Dc9a03mtmuZbZvXV/mPOALZvYT4GfAi3L3vR64Ilv2+m+dc09chXhFCqOkIOLX64na3P/r\nzrnv1H/wl8bMeyXwqezvT+G7kgAws/8Pv2roe4Ep4OvOuXeuWuQiq0wDzSJ+GedF163Nrns7CdyU\nX0QvG2i+Jvv7OfillT/gnAN/HeVHOueOMbO7nHPj2VUCr8C3GD4E/Bh4c8H7JLIiainImmdmVwO7\nnXN/Ub/NOXcSviLf1OHhrwLebGabs5/HA5cC5zmfJX6RzWyqO5HBXjpa1ji1FES83wHe55y7CX/d\n7zn8dT1ar/XckF3V7bfxS0XnfRS/xPLfOufeAHzROTeHn7G0DzingPhFVoWWzhYRkQZ1H4mISIOS\ngoiINCgpiIhIg5KCiIg0KCmIiEiDkoKIiDQoKYiISIOSgoiINPz/78Fax1nvOxcAAAAASUVORK5C\nYII=\n",
      "text/plain": [
       "<matplotlib.figure.Figure at 0x7f331b944a58>"
      ]
     },
     "metadata": {},
     "output_type": "display_data"
    }
   ],
   "source": [
    "sns.regplot(x='CHAS', y='Price', data=df,fit_reg='True',scatter_kws={'color':'#F9925E'},line_kws={'color':'#E85912'})\n",
    "plt.title('Relationship between CHAS and Price')"
   ]
  },
  {
   "cell_type": "markdown",
   "metadata": {},
   "source": [
    "$CHAS$ (whether tracts of the charles river bounds the town or not) has weak correlation with the dependant variable $Price$ .Hence, we may not want to include it in our regression analysis."
   ]
  },
  {
   "cell_type": "code",
   "execution_count": 8,
   "metadata": {
    "collapsed": false,
    "scrolled": true
   },
   "outputs": [
    {
     "data": {
      "text/plain": [
       "<matplotlib.text.Text at 0x7f33198c04a8>"
      ]
     },
     "execution_count": 8,
     "metadata": {},
     "output_type": "execute_result"
    },
    {
     "data": {
